pi[0] = 0.000031
pi[1] = 0.000015
pi[2] = 0.000015
pi[3] = 0.000015
pi[4] = 0.000015
pi[5] = 0.000008
a[0][0] = 0.284170
a[0][1] = 0.283775
a[0][2] = 0.093491
a[0][3] = 0.097603
a[0][4] = 0.112433
a[0][5] = 0.107673
a[1][0] = 0.094469
a[1][1] = 0.283055
a[1][2] = 0.280273
a[1][3] = 0.097872
a[1][4] = 0.113904
a[1][5] = 0.108703
a[2][0] = 0.094807
a[2][1] = 0.094493
a[2][2] = 0.276598
a[2][3] = 0.289382
a[2][4] = 0.113802
a[2][5] = 0.108946
a[3][0] = 0.091114
a[3][1] = 0.090813
a[3][2] = 0.088404
a[3][3] = 0.277415
a[3][4] = 0.326862
a[3][5] = 0.104307
a[4][0] = 0.087991
a[4][1] = 0.087703
a[4][2] = 0.085667
a[4][3] = 0.088844
a[4][4] = 0.321750
a[4][5] = 0.310605
a[5][0] = 0.275511
a[5][1] = 0.091527
a[5][2] = 0.089446
a[5][3] = 0.092593
a[5][4] = 0.110966
a[5][5] = 0.322037
b[0][0] = 0.124381
b[0][1] = 0.023031
b[0][2] = 0.469401
b[0][3] = 0.216329
b[0][4] = 0.024504
b[0][5] = 0.142355
b[1][0] = 0.113552
b[1][1] = 0.024522
b[1][2] = 0.470717
b[1][3] = 0.226971
b[1][4] = 0.026829
b[1][5] = 0.137409
b[2][0] = 0.071625
b[2][1] = 0.026828
b[2][2] = 0.469177
b[2][3] = 0.235955
b[2][4] = 0.051248
b[2][5] = 0.145167
b[3][0] = 0.071365
b[3][1] = 0.027892
b[3][2] = 0.451202
b[3][3] = 0.245047
b[3][4] = 0.049774
b[3][5] = 0.154720
b[4][0] = 0.058845
b[4][1] = 0.011237
b[4][2] = 0.385686
b[4][3] = 0.207762
b[4][4] = 0.044454
b[4][5] = 0.292015
b[5][0] = 0.048413
b[5][1] = 0.010414
b[5][2] = 0.410728
b[5][3] = 0.196264
b[5][4] = 0.042937
b[5][5] = 0.291244
initial: 6
0.20000 0.10000 0.20000 0.20000 0.20000 0.10000

transition: 6
0.30000 0.30000 0.10000 0.10000 0.10000 0.10000
0.10000 0.30000 0.30000 0.10000 0.10000 0.10000
0.10000 0.10000 0.30000 0.30000 0.10000 0.10000
0.10000 0.10000 0.10000 0.30000 0.30000 0.10000
0.10000 0.10000 0.10000 0.10000 0.30000 0.30000
0.30000 0.10000 0.10000 0.10000 0.10000 0.30000

observation: 6
0.20000 0.20000 0.10000 0.10000 0.10000 0.10000
0.20000 0.20000 0.20000 0.20000 0.10000 0.10000
0.20000 0.20000 0.20000 0.20000 0.20000 0.20000
0.20000 0.20000 0.20000 0.20000 0.20000 0.20000
0.10000 0.10000 0.20000 0.20000 0.20000 0.20000
0.10000 0.10000 0.10000 0.10000 0.20000 0.20000
